@<TRIPOS>MOLECULE
ligand
 21 21 0 0 0
SMALL
GASTEIGER

@<TRIPOS>ATOM
      1 O          -0.5471   -1.0180    0.3433 O.3     1  LIG1111    -0.4613
      2 C           0.8785   -1.0224    0.2270 C.3     1  LIG1111     0.1036
      3 H           1.2914   -1.5214    1.1112 H       1  LIG1111     0.0734
      4 C           1.2911    0.4358    0.2226 C.3     1  LIG1111    -0.0056
      5 C           0.0674    1.1651   -0.2725 C.3     1  LIG1111     0.0483
      6 C          -1.0428    0.2213    0.0666 C.2     1  LIG1111     0.3075
      7 O          -2.2294    0.5000    0.0615 O.2     1  LIG1111    -0.2508
      8 C           1.3167   -1.7790   -1.0313 C.3     1  LIG1111    -0.0159
      9 C           0.8755   -3.2458   -0.9950 C.3     1  LIG1111    -0.0526
     10 C           1.5208   -4.0539   -2.1102 C.3     1  LIG1111    -0.0652
     11 H           2.1837    0.6440   -0.3752 H       1  LIG1111     0.0306
     12 H           1.5085    0.7543    1.2497 H       1  LIG1111     0.0306
     13 H           0.0921    1.3157   -1.3549 H       1  LIG1111     0.0379
     14 H          -0.0623    2.1187    0.2457 H       1  LIG1111     0.0379
     15 H           2.4088   -1.7257   -1.1182 H       1  LIG1111     0.0301
     16 H           0.8915   -1.3085   -1.9265 H       1  LIG1111     0.0301
     17 H          -0.2148   -3.3087   -1.0892 H       1  LIG1111     0.0264
     18 H           1.1445   -3.6961   -0.0325 H       1  LIG1111     0.0264
     19 H           1.2769   -3.6384   -3.0927 H       1  LIG1111     0.0230
     20 H           1.1684   -5.0899   -2.0799 H       1  LIG1111     0.0230
     21 H           2.6104   -4.0662   -2.0021 H       1  LIG1111     0.0230
@<TRIPOS>BOND
     1     1     2    1
     2     2     3    1
     3     2     4    1
     4     4     5    1
     5     5     6    1
     6     1     6    1
     7     6     7    2
     8     2     8    1
     9     8     9    1
    10     9    10    1
    11     4    11    1
    12     4    12    1
    13     5    13    1
    14     5    14    1
    15     8    15    1
    16     8    16    1
    17     9    17    1
    18     9    18    1
    19    10    19    1
    20    10    20    1
    21    10    21    1
@<TRIPOS>MOLECULE
ligand
 21 21 0 0 0
SMALL
GASTEIGER

@<TRIPOS>ATOM
      1 O          -0.5471    0.3433    1.0180 O.3     1  LIG11111   -0.4613
      2 C           0.8785    0.2270    1.0224 C.3     1  LIG11111    0.1036
      3 H           1.2914    1.1112    1.5214 H       1  LIG11111    0.0734
      4 C           1.2911    0.2226   -0.4358 C.3     1  LIG11111   -0.0056
      5 C           0.0674   -0.2725   -1.1651 C.3     1  LIG11111    0.0483
      6 C          -1.0428    0.0666   -0.2213 C.2     1  LIG11111    0.3075
      7 O          -2.2294    0.0615   -0.5000 O.2     1  LIG11111   -0.2508
      8 C           1.3167   -1.0313    1.7790 C.3     1  LIG11111   -0.0159
      9 C           0.8755   -0.9950    3.2458 C.3     1  LIG11111   -0.0526
     10 C           1.5208   -2.1102    4.0539 C.3     1  LIG11111   -0.0652
     11 H           2.1837   -0.3752   -0.6440 H       1  LIG11111    0.0306
     12 H           1.5085    1.2497   -0.7543 H       1  LIG11111    0.0306
     13 H           0.0921   -1.3549   -1.3157 H       1  LIG11111    0.0379
     14 H          -0.0623    0.2457   -2.1187 H       1  LIG11111    0.0379
     15 H           2.4088   -1.1182    1.7257 H       1  LIG11111    0.0301
     16 H           0.8915   -1.9265    1.3085 H       1  LIG11111    0.0301
     17 H          -0.2148   -1.0892    3.3087 H       1  LIG11111    0.0264
     18 H           1.1445   -0.0325    3.6961 H       1  LIG11111    0.0264
     19 H           1.2769   -3.0927    3.6384 H       1  LIG11111    0.0230
     20 H           1.1684   -2.0799    5.0899 H       1  LIG11111    0.0230
     21 H           2.6104   -2.0021    4.0662 H       1  LIG11111    0.0230
@<TRIPOS>BOND
     1     1     2    1
     2     2     3    1
     3     2     4    1
     4     4     5    1
     5     5     6    1
     6     1     6    1
     7     6     7    2
     8     2     8    1
     9     8     9    1
    10     9    10    1
    11     4    11    1
    12     4    12    1
    13     5    13    1
    14     5    14    1
    15     8    15    1
    16     8    16    1
    17     9    17    1
    18     9    18    1
    19    10    19    1
    20    10    20    1
    21    10    21    1
@<TRIPOS>MOLECULE
ligand
 21 21 0 0 0
SMALL
GASTEIGER

@<TRIPOS>ATOM
      1 O          -0.5471   -0.3433   -1.0180 O.3     1  LIG11111   -0.4613
      2 C           0.8785   -0.2270   -1.0224 C.3     1  LIG11111    0.1036
      3 H           1.2914   -1.1112   -1.5214 H       1  LIG11111    0.0734
      4 C           1.2911   -0.2226    0.4358 C.3     1  LIG11111   -0.0056
      5 C           0.0674    0.2725    1.1651 C.3     1  LIG11111    0.0483
      6 C          -1.0428   -0.0666    0.2213 C.2     1  LIG11111    0.3075
      7 O          -2.2294   -0.0615    0.5000 O.2     1  LIG11111   -0.2508
      8 C           1.3167    1.0313   -1.7790 C.3     1  LIG11111   -0.0159
      9 C           0.8755    0.9950   -3.2458 C.3     1  LIG11111   -0.0526
     10 C           1.5208    2.1102   -4.0539 C.3     1  LIG11111   -0.0652
     11 H           2.1837    0.3752    0.6440 H       1  LIG11111    0.0306
     12 H           1.5085   -1.2497    0.7543 H       1  LIG11111    0.0306
     13 H           0.0921    1.3549    1.3157 H       1  LIG11111    0.0379
     14 H          -0.0623   -0.2457    2.1187 H       1  LIG11111    0.0379
     15 H           2.4088    1.1182   -1.7257 H       1  LIG11111    0.0301
     16 H           0.8915    1.9265   -1.3085 H       1  LIG11111    0.0301
     17 H          -0.2148    1.0892   -3.3087 H       1  LIG11111    0.0264
     18 H           1.1445    0.0325   -3.6961 H       1  LIG11111    0.0264
     19 H           1.2769    3.0927   -3.6384 H       1  LIG11111    0.0230
     20 H           1.1684    2.0799   -5.0899 H       1  LIG11111    0.0230
     21 H           2.6104    2.0021   -4.0662 H       1  LIG11111    0.0230
@<TRIPOS>BOND
     1     1     2    1
     2     2     3    1
     3     2     4    1
     4     4     5    1
     5     5     6    1
     6     1     6    1
     7     6     7    2
     8     2     8    1
     9     8     9    1
    10     9    10    1
    11     4    11    1
    12     4    12    1
    13     5    13    1
    14     5    14    1
    15     8    15    1
    16     8    16    1
    17     9    17    1
    18     9    18    1
    19    10    19    1
    20    10    20    1
    21    10    21    1
@<TRIPOS>MOLECULE
ligand
 21 21 0 0 0
SMALL
GASTEIGER

@<TRIPOS>ATOM
      1 O          -0.3433   -1.0180   -0.5471 O.3     1  LIG11111   -0.4613
      2 C          -0.2270   -1.0224    0.8785 C.3     1  LIG11111    0.1036
      3 H          -1.1112   -1.5214    1.2914 H       1  LIG11111    0.0734
      4 C          -0.2226    0.4358    1.2911 C.3     1  LIG11111   -0.0056
      5 C           0.2725    1.1651    0.0674 C.3     1  LIG11111    0.0483
      6 C          -0.0666    0.2213   -1.0428 C.2     1  LIG11111    0.3075
      7 O          -0.0615    0.5000   -2.2294 O.2     1  LIG11111   -0.2508
      8 C           1.0313   -1.7790    1.3167 C.3     1  LIG11111   -0.0159
      9 C           0.9950   -3.2458    0.8755 C.3     1  LIG11111   -0.0526
     10 C           2.1102   -4.0539    1.5208 C.3     1  LIG11111   -0.0652
     11 H           0.3752    0.6440    2.1837 H       1  LIG11111    0.0306
     12 H          -1.2497    0.7543    1.5085 H       1  LIG11111    0.0306
     13 H           1.3549    1.3157    0.0921 H       1  LIG11111    0.0379
     14 H          -0.2457    2.1187   -0.0623 H       1  LIG11111    0.0379
     15 H           1.1182   -1.7257    2.4088 H       1  LIG11111    0.0301
     16 H           1.9265   -1.3085    0.8915 H       1  LIG11111    0.0301
     17 H           1.0892   -3.3087   -0.2148 H       1  LIG11111    0.0264
     18 H           0.0325   -3.6961    1.1445 H       1  LIG11111    0.0264
     19 H           3.0927   -3.6384    1.2769 H       1  LIG11111    0.0230
     20 H           2.0799   -5.0899    1.1684 H       1  LIG11111    0.0230
     21 H           2.0021   -4.0662    2.6104 H       1  LIG11111    0.0230
@<TRIPOS>BOND
     1     1     2    1
     2     2     3    1
     3     2     4    1
     4     4     5    1
     5     5     6    1
     6     1     6    1
     7     6     7    2
     8     2     8    1
     9     8     9    1
    10     9    10    1
    11     4    11    1
    12     4    12    1
    13     5    13    1
    14     5    14    1
    15     8    15    1
    16     8    16    1
    17     9    17    1
    18     9    18    1
    19    10    19    1
    20    10    20    1
    21    10    21    1
@<TRIPOS>MOLECULE
ligand
 21 21 0 0 0
SMALL
GASTEIGER

@<TRIPOS>ATOM
      1 O           0.3433   -1.0180    0.5471 O.3     1  LIG11111   -0.4613
      2 C           0.2270   -1.0224   -0.8785 C.3     1  LIG11111    0.1036
      3 H           1.1112   -1.5214   -1.2914 H       1  LIG11111    0.0734
      4 C           0.2226    0.4358   -1.2911 C.3     1  LIG11111   -0.0056
      5 C          -0.2725    1.1651   -0.0674 C.3     1  LIG11111    0.0483
      6 C           0.0666    0.2213    1.0428 C.2     1  LIG11111    0.3075
      7 O           0.0615    0.5000    2.2294 O.2     1  LIG11111   -0.2508
      8 C          -1.0313   -1.7790   -1.3167 C.3     1  LIG11111   -0.0159
      9 C          -0.9950   -3.2458   -0.8755 C.3     1  LIG11111   -0.0526
     10 C          -2.1102   -4.0539   -1.5208 C.3     1  LIG11111   -0.0652
     11 H          -0.3752    0.6440   -2.1837 H       1  LIG11111    0.0306
     12 H           1.2497    0.7543   -1.5085 H       1  LIG11111    0.0306
     13 H          -1.3549    1.3157   -0.0921 H       1  LIG11111    0.0379
     14 H           0.2457    2.1187    0.0623 H       1  LIG11111    0.0379
     15 H          -1.1182   -1.7257   -2.4088 H       1  LIG11111    0.0301
     16 H          -1.9265   -1.3085   -0.8915 H       1  LIG11111    0.0301
     17 H          -1.0892   -3.3087    0.2148 H       1  LIG11111    0.0264
     18 H          -0.0325   -3.6961   -1.1445 H       1  LIG11111    0.0264
     19 H          -3.0927   -3.6384   -1.2769 H       1  LIG11111    0.0230
     20 H          -2.0799   -5.0899   -1.1684 H       1  LIG11111    0.0230
     21 H          -2.0021   -4.0662   -2.6104 H       1  LIG11111    0.0230
@<TRIPOS>BOND
     1     1     2    1
     2     2     3    1
     3     2     4    1
     4     4     5    1
     5     5     6    1
     6     1     6    1
     7     6     7    2
     8     2     8    1
     9     8     9    1
    10     9    10    1
    11     4    11    1
    12     4    12    1
    13     5    13    1
    14     5    14    1
    15     8    15    1
    16     8    16    1
    17     9    17    1
    18     9    18    1
    19    10    19    1
    20    10    20    1
    21    10    21    1
@<TRIPOS>MOLECULE
ligand
 21 21 0 0 0
SMALL
GASTEIGER

@<TRIPOS>ATOM
      1 O          -1.0180    0.5471    0.3433 O.3     1  LIG11111   -0.4613
      2 C          -1.0224   -0.8785    0.2270 C.3     1  LIG11111    0.1036
      3 H          -1.5214   -1.2914    1.1112 H       1  LIG11111    0.0734
      4 C           0.4358   -1.2911    0.2226 C.3     1  LIG11111   -0.0056
      5 C           1.1651   -0.0674   -0.2725 C.3     1  LIG11111    0.0483
      6 C           0.2213    1.0428    0.0666 C.2     1  LIG11111    0.3075
      7 O           0.5000    2.2294    0.0615 O.2     1  LIG11111   -0.2508
      8 C          -1.7790   -1.3167   -1.0313 C.3     1  LIG11111   -0.0159
      9 C          -3.2458   -0.8755   -0.9950 C.3     1  LIG11111   -0.0526
     10 C          -4.0539   -1.5208   -2.1102 C.3     1  LIG11111   -0.0652
     11 H           0.6440   -2.1837   -0.3752 H       1  LIG11111    0.0306
     12 H           0.7543   -1.5085    1.2497 H       1  LIG11111    0.0306
     13 H           1.3157   -0.0921   -1.3549 H       1  LIG11111    0.0379
     14 H           2.1187    0.0623    0.2457 H       1  LIG11111    0.0379
     15 H          -1.7257   -2.4088   -1.1182 H       1  LIG11111    0.0301
     16 H          -1.3085   -0.8915   -1.9265 H       1  LIG11111    0.0301
     17 H          -3.3087    0.2148   -1.0892 H       1  LIG11111    0.0264
     18 H          -3.6961   -1.1445   -0.0325 H       1  LIG11111    0.0264
     19 H          -3.6384   -1.2769   -3.0927 H       1  LIG11111    0.0230
     20 H          -5.0899   -1.1684   -2.0799 H       1  LIG11111    0.0230
     21 H          -4.0662   -2.6104   -2.0021 H       1  LIG11111    0.0230
@<TRIPOS>BOND
     1     1     2    1
     2     2     3    1
     3     2     4    1
     4     4     5    1
     5     5     6    1
     6     1     6    1
     7     6     7    2
     8     2     8    1
     9     8     9    1
    10     9    10    1
    11     4    11    1
    12     4    12    1
    13     5    13    1
    14     5    14    1
    15     8    15    1
    16     8    16    1
    17     9    17    1
    18     9    18    1
    19    10    19    1
    20    10    20    1
    21    10    21    1
@<TRIPOS>MOLECULE
ligand
 21 21 0 0 0
SMALL
GASTEIGER

@<TRIPOS>ATOM
      1 O           1.0180   -0.5471    0.3433 O.3     1  LIG11111   -0.4613
      2 C           1.0224    0.8785    0.2270 C.3     1  LIG11111    0.1036
      3 H           1.5214    1.2914    1.1112 H       1  LIG11111    0.0734
      4 C          -0.4358    1.2911    0.2226 C.3     1  LIG11111   -0.0056
      5 C          -1.1651    0.0674   -0.2725 C.3     1  LIG11111    0.0483
      6 C          -0.2213   -1.0428    0.0666 C.2     1  LIG11111    0.3075
      7 O          -0.5000   -2.2294    0.0615 O.2     1  LIG11111   -0.2508
      8 C           1.7790    1.3167   -1.0313 C.3     1  LIG11111   -0.0159
      9 C           3.2458    0.8755   -0.9950 C.3     1  LIG11111   -0.0526
     10 C           4.0539    1.5208   -2.1102 C.3     1  LIG11111   -0.0652
     11 H          -0.6440    2.1837   -0.3752 H       1  LIG11111    0.0306
     12 H          -0.7543    1.5085    1.2497 H       1  LIG11111    0.0306
     13 H          -1.3157    0.0921   -1.3549 H       1  LIG11111    0.0379
     14 H          -2.1187   -0.0623    0.2457 H       1  LIG11111    0.0379
     15 H           1.7257    2.4088   -1.1182 H       1  LIG11111    0.0301
     16 H           1.3085    0.8915   -1.9265 H       1  LIG11111    0.0301
     17 H           3.3087   -0.2148   -1.0892 H       1  LIG11111    0.0264
     18 H           3.6961    1.1445   -0.0325 H       1  LIG11111    0.0264
     19 H           3.6384    1.2769   -3.0927 H       1  LIG11111    0.0230
     20 H           5.0899    1.1684   -2.0799 H       1  LIG11111    0.0230
     21 H           4.0662    2.6104   -2.0021 H       1  LIG11111    0.0230
@<TRIPOS>BOND
     1     1     2    1
     2     2     3    1
     3     2     4    1
     4     4     5    1
     5     5     6    1
     6     1     6    1
     7     6     7    2
     8     2     8    1
     9     8     9    1
    10     9    10    1
    11     4    11    1
    12     4    12    1
    13     5    13    1
    14     5    14    1
    15     8    15    1
    16     8    16    1
    17     9    17    1
    18     9    18    1
    19    10    19    1
    20    10    20    1
    21    10    21    1
